0,1,2,3,4,5,6,7,8,9,11,12,13,14,15,16,17,18,19,20,21,22,23,24,25,26,27,28,29,30,31,32,33,34,35,36,37,38,39
0,1,2,4,5,6,7,8,9,11,12,13,14,15,16,17,18,19,20,22,23,24,25,26,27,28,29,30,31,33,34,35,36,37,38,39
0,1,2,4,5,6,7,8,9,11,12,13,14,16,17,18,19,20,22,23,24,25,26,28,29,30,31,33,34,35,36,37,38
0,1,2,4,5,6,7,8,9,11,13,14,16,17,18,19,20,22,23,24,26,28,29,30,31,33,34,35,36,37
0,1,4,5,6,7,8,9,11,14,16,17,18,19,20,22,23,24,26,29,30,31,33,34,35,36,37
0,1,4,5,6,7,8,11,14,16,17,19,20,22,23,24,26,29,30,31,33,35,36,37
0,1,4,5,7,8,11,14,16,17,19,20,22,23,26,30,31,33,35,36,37
0,1,4,7,11,14,16,17,19,20,22,23,30,31,33,35,36,37
0,4,7,11,14,16,19,20,22,23,30,31,35,36,37
0,4,7,11,16,19,22,23,30,35,36,37
0,16,19,22,23,30,35,36,37
16,22,23,35,36,37
16,22,35
