0,2,3,4,5,6,7,8,9,10,11,12,13,14,15,16,17,18,19,20,21,22,23,24,25,26,27,28,29,31,32,34,35,36,37,38,39,40,41,42,43,44,45,46,47,48,49,50,51,52,53,54,55,56,57,58,59
0,2,3,4,6,7,8,9,10,12,13,14,15,16,17,18,19,20,21,22,23,24,25,26,27,28,29,31,32,34,35,36,37,39,40,41,42,43,44,45,46,47,48,49,50,51,52,53,54,55,56,57,58,59
0,2,3,4,6,7,8,9,10,12,13,14,15,16,17,18,20,21,22,23,24,25,26,27,28,29,31,32,34,35,36,37,39,40,41,42,43,44,46,47,48,49,50,51,52,53,55,56,57,58,59
0,2,3,4,6,8,9,10,12,13,14,15,16,17,18,20,21,22,23,24,25,26,27,28,31,32,34,35,36,37,39,40,41,42,43,46,47,48,49,50,51,52,53,55,56,57,58,59
2,3,4,6,8,9,10,12,13,14,15,16,17,18,20,21,23,24,25,26,27,28,31,32,34,35,36,37,39,40,42,43,46,47,48,49,50,51,52,53,55,56,57,58,59
2,4,6,8,9,10,12,13,14,15,16,17,18,20,23,24,25,26,27,28,31,32,34,35,36,37,39,40,42,43,46,48,49,50,51,52,53,55,56,57,58,59
2,4,6,8,9,10,12,13,15,16,17,18,20,23,24,25,26,27,31,32,34,35,36,37,39,40,42,43,46,48,49,50,51,52,53,55,56,57,59
2,4,6,8,9,10,12,13,15,16,17,18,20,23,25,26,27,31,32,34,36,37,39,40,42,43,46,49,50,51,52,53,55,56,57,59
2,4,6,9,10,12,13,16,17,18,20,23,25,26,27,31,32,34,36,37,39,40,42,43,46,49,50,51,52,53,55,56,57
2,4,6,9,10,12,13,16,17,18,20,23,25,26,27,31,32,34,36,37,39,40,42,43,46,49,50,53,56,57
2,4,9,10,12,13,16,17,18,20,23,25,26,27,31,32,34,36,37,39,40,42,43,46,49,50,56
2,4,9,10,12,16,17,18,20,25,26,27,31,32,36,37,39,40,42,43,46,49,50,56
2,4,9,10,16,17,18,20,25,26,27,31,36,37,39,40,42,43,49,50,56
4,9,16,17,18,20,25,26,27,36,37,39,40,42,43,49,50,56
4,9,16,17,18,20,25,26,36,39,40,42,49,50,56
4,16,17,18,20,25,26,39,40,49,50,56
4,16,17,18,26,40,49,50,56
16,17,18,26,49,56
18,26,56
