3.3
3.4
3.5
3.6
4.3
4.4
4.5
4.6
5.3
5.4
5.5
5.6
6.3
6.4
6.5
6.6
3.33
3.34
3.35
3.36
3.43
3.44
3.45
3.46
3.53
3.54
3.55
3.56
3.63
3.64
3.65
3.66
33.3
33.4
33.5
33.6
34.3
34.4
34.5
34.6
35.3
35.4
35.5
35.6
36.3
36.4
36.5
36.6
4.33
4.34
4.35
4.36
4.43
4.44
4.45
4.46
4.53
4.54
4.55
4.56
4.63
4.64
4.65
4.66
43.3
43.4
43.5
43.6
44.3
44.4
44.5
44.6
45.3
45.4
45.5
45.6
46.3
46.4
46.5
46.6
5.33
5.34
5.35
5.36
5.43
5.44
5.45
5.46
5.53
5.54
5.55
5.56
5.63
5.64
5.65
5.66
53.3
53.4
53.5
53.6
54.3
54.4
54.5
54.6
55.3
55.4
55.5
55.6
56.3
56.4
56.5
56.6
6.33
6.34
6.35
6.36
6.43
6.44
6.45
6.46
6.53
6.54
6.55
6.56
6.63
6.64
6.65
6.66
63.3
63.4
63.5
63.6
64.3
64.4
64.5
64.6
65.3
65.4
65.5
65.6
66.3
66.4
66.5
66.6
