4.4
4.5
4.6
4.7
4.8
4.9
5.4
5.5
5.6
5.7
5.8
5.9
6.4
6.5
6.6
6.7
6.8
6.9
7.4
7.5
7.6
7.7
7.8
7.9
8.4
8.5
8.6
8.7
8.8
8.9
9.4
9.5
9.6
9.7
9.8
9.9
4.44
4.45
4.46
4.47
4.48
4.49
4.54
4.55
4.56
4.57
4.58
4.59
4.64
4.65
4.66
4.67
4.68
4.69
4.74
4.75
4.76
4.77
4.78
4.79
4.84
4.85
4.86
4.87
4.88
4.89
4.94
4.95
4.96
4.97
4.98
4.99
5.44
5.45
5.46
5.47
5.48
5.49
5.54
5.55
5.56
5.57
5.58
5.59
5.64
5.65
5.66
5.67
5.68
5.69
5.74
5.75
5.76
5.77
5.78
5.79
5.84
5.85
5.86
5.87
5.88
5.89
5.94
5.95
5.96
5.97
5.98
5.99
6.44
6.45
6.46
6.47
6.48
6.49
6.54
6.55
6.56
6.57
6.58
6.59
6.64
6.65
6.66
6.67
6.68
6.69
6.74
6.75
6.76
6.77
6.78
6.79
6.84
6.85
6.86
6.87
6.88
6.89
6.94
6.95
6.96
6.97
6.98
6.99
7.44
7.45
7.46
7.47
7.48
7.49
7.54
7.55
7.56
7.57
7.58
7.59
7.64
7.65
7.66
7.67
7.68
7.69
7.74
7.75
7.76
7.77
7.78
7.79
7.84
7.85
7.86
7.87
7.88
7.89
7.94
7.95
7.96
7.97
7.98
7.99
8.44
8.45
8.46
8.47
8.48
8.49
8.54
8.55
8.56
8.57
8.58
8.59
8.64
8.65
8.66
8.67
8.68
8.69
8.74
8.75
8.76
8.77
8.78
8.79
8.84
8.85
8.86
8.87
8.88
8.89
8.94
8.95
8.96
8.97
8.98
8.99
9.44
9.45
9.46
9.47
9.48
9.49
9.54
9.55
9.56
9.57
9.58
9.59
9.64
9.65
9.66
9.67
9.68
9.69
9.74
9.75
9.76
9.77
9.78
9.79
9.84
9.85
9.86
9.87
9.88
9.89
9.94
9.95
9.96
9.97
9.98
9.99
44.4
44.5
44.6
44.7
44.8
44.9
45.4
45.5
45.6
45.7
45.8
45.9
46.4
46.5
46.6
46.7
46.8
46.9
47.4
47.5
47.6
47.7
47.8
47.9
48.4
48.5
48.6
48.7
48.8
48.9
49.4
49.5
49.6
49.7
49.8
49.9
54.4
54.5
54.6
54.7
54.8
54.9
55.4
55.5
55.6
55.7
55.8
55.9
56.4
56.5
56.6
56.7
56.8
56.9
57.4
57.5
57.6
57.7
57.8
57.9
58.4
58.5
58.6
58.7
58.8
58.9
59.4
59.5
59.6
59.7
59.8
59.9
64.4
64.5
64.6
64.7
64.8
64.9
65.4
65.5
65.6
65.7
65.8
65.9
66.4
66.5
66.6
66.7
66.8
66.9
67.4
67.5
67.6
67.7
67.8
67.9
68.4
68.5
68.6
68.7
68.8
68.9
69.4
69.5
69.6
69.7
69.8
69.9
74.4
74.5
74.6
74.7
74.8
74.9
75.4
75.5
75.6
75.7
75.8
75.9
76.4
76.5
76.6
76.7
76.8
76.9
77.4
77.5
77.6
77.7
77.8
77.9
78.4
78.5
78.6
78.7
78.8
78.9
79.4
79.5
79.6
79.7
79.8
79.9
84.4
84.5
84.6
84.7
84.8
84.9
85.4
85.5
85.6
85.7
85.8
85.9
86.4
86.5
86.6
86.7
86.8
86.9
87.4
87.5
87.6
87.7
87.8
87.9
88.4
88.5
88.6
88.7
88.8
88.9
89.4
89.5
89.6
89.7
89.8
89.9
94.4
94.5
94.6
94.7
94.8
94.9
95.4
95.5
95.6
95.7
95.8
95.9
96.4
96.5
96.6
96.7
96.8
96.9
97.4
97.5
97.6
97.7
97.8
97.9
98.4
98.5
98.6
98.7
98.8
98.9
99.4
99.5
99.6
99.7
99.8
99.9
4.444
4.445
4.446
4.447
4.448
4.449
4.454
4.455
4.456
4.457
4.458
4.459
4.464
4.465
4.466
4.467
4.468
4.469
4.474
4.475
4.476
4.477
4.478
4.479
4.484
4.485
4.486
4.487
4.488
4.489
4.494
4.495
4.496
4.497
4.498
4.499
4.544
4.545
4.546
4.547
4.548
4.549
4.554
4.555
4.556
4.557
4.558
4.559
4.564
4.565
4.566
4.567
4.568
4.569
4.574
4.575
4.576
4.577
4.578
4.579
4.584
4.585
4.586
4.587
4.588
4.589
4.594
4.595
4.596
4.597
4.598
4.599
4.644
4.645
4.646
4.647
4.648
4.649
4.654
4.655
4.656
4.657
4.658
4.659
4.664
4.665
4.666
4.667
4.668
4.669
4.674
4.675
4.676
4.677
4.678
4.679
4.684
4.685
4.686
4.687
4.688
4.689
4.694
4.695
4.696
4.697
4.698
4.699
4.744
4.745
4.746
4.747
4.748
4.749
4.754
4.755
4.756
4.757
4.758
4.759
4.764
4.765
4.766
4.767
4.768
4.769
4.774
4.775
4.776
4.777
4.778
4.779
4.784
4.785
4.786
4.787
4.788
4.789
4.794
4.795
4.796
4.797
4.798
4.799
4.844
4.845
4.846
4.847
4.848
4.849
4.854
4.855
4.856
4.857
4.858
4.859
4.864
4.865
4.866
4.867
4.868
4.869
4.874
4.875
4.876
4.877
4.878
4.879
4.884
4.885
4.886
4.887
4.888
4.889
4.894
4.895
4.896
4.897
4.898
4.899
4.944
4.945
4.946
4.947
4.948
4.949
4.954
4.955
4.956
4.957
4.958
4.959
4.964
4.965
4.966
4.967
4.968
4.969
4.974
4.975
4.976
4.977
4.978
4.979
4.984
4.985
4.986
4.987
4.988
4.989
4.994
4.995
4.996
4.997
4.998
4.999
5.444
5.445
5.446
5.447
5.448
5.449
5.454
5.455
5.456
5.457
5.458
5.459
5.464
5.465
5.466
5.467
5.468
5.469
5.474
5.475
5.476
5.477
5.478
5.479
5.484
5.485
5.486
5.487
5.488
5.489
5.494
5.495
5.496
5.497
5.498
5.499
5.544
5.545
5.546
5.547
5.548
5.549
5.554
5.555
5.556
5.557
5.558
5.559
5.564
5.565
5.566
5.567
5.568
5.569
5.574
5.575
5.576
5.577
5.578
5.579
5.584
5.585
5.586
5.587
5.588
5.589
5.594
5.595
5.596
5.597
5.598
5.599
5.644
5.645
5.646
5.647
5.648
5.649
5.654
5.655
5.656
5.657
5.658
5.659
5.664
5.665
5.666
5.667
5.668
5.669
5.674
5.675
5.676
5.677
5.678
5.679
5.684
5.685
5.686
5.687
5.688
5.689
5.694
5.695
5.696
5.697
5.698
5.699
5.744
5.745
5.746
5.747
5.748
5.749
5.754
5.755
5.756
5.757
5.758
5.759
5.764
5.765
5.766
5.767
5.768
5.769
5.774
5.775
5.776
5.777
5.778
5.779
5.784
5.785
5.786
5.787
5.788
5.789
5.794
5.795
5.796
5.797
5.798
5.799
5.844
5.845
5.846
5.847
5.848
5.849
5.854
5.855
5.856
5.857
5.858
5.859
5.864
5.865
5.866
5.867
5.868
5.869
5.874
5.875
5.876
5.877
5.878
5.879
5.884
5.885
5.886
5.887
5.888
5.889
5.894
5.895
5.896
5.897
5.898
5.899
5.944
5.945
5.946
5.947
5.948
5.949
5.954
5.955
5.956
5.957
5.958
5.959
5.964
5.965
5.966
5.967
5.968
5.969
5.974
5.975
5.976
5.977
5.978
5.979
5.984
5.985
5.986
5.987
5.988
5.989
5.994
5.995
5.996
5.997
5.998
5.999
6.444
6.445
6.446
6.447
6.448
6.449
6.454
6.455
6.456
6.457
6.458
6.459
6.464
6.465
6.466
6.467
6.468
6.469
6.474
6.475
6.476
6.477
6.478
6.479
6.484
6.485
6.486
6.487
6.488
6.489
6.494
6.495
6.496
6.497
6.498
6.499
6.544
6.545
6.546
6.547
6.548
6.549
6.554
6.555
6.556
6.557
6.558
6.559
6.564
6.565
6.566
6.567
6.568
6.569
6.574
6.575
6.576
6.577
6.578
6.579
6.584
6.585
6.586
6.587
6.588
6.589
6.594
6.595
6.596
6.597
6.598
6.599
6.644
6.645
6.646
6.647
6.648
6.649
6.654
6.655
6.656
6.657
6.658
6.659
6.664
6.665
6.666
6.667
6.668
6.669
6.674
6.675
6.676
6.677
6.678
6.679
6.684
6.685
6.686
6.687
6.688
6.689
6.694
6.695
6.696
6.697
6.698
6.699
6.744
6.745
6.746
6.747
6.748
6.749
6.754
6.755
6.756
6.757
6.758
6.759
6.764
6.765
6.766
6.767
6.768
6.769
6.774
6.775
6.776
6.777
6.778
6.779
6.784
6.785
6.786
6.787
6.788
6.789
6.794
6.795
6.796
6.797
6.798
6.799
6.844
6.845
6.846
6.847
6.848
6.849
6.854
6.855
6.856
6.857
6.858
6.859
6.864
6.865
6.866
6.867
6.868
6.869
6.874
6.875
6.876
6.877
6.878
6.879
6.884
6.885
6.886
6.887
6.888
6.889
6.894
6.895
6.896
6.897
6.898
6.899
6.944
6.945
6.946
6.947
6.948
6.949
6.954
6.955
6.956
6.957
6.958
6.959
6.964
6.965
6.966
6.967
6.968
6.969
6.974
6.975
6.976
6.977
6.978
6.979
6.984
6.985
6.986
6.987
6.988
6.989
6.994
6.995
6.996
6.997
6.998
6.999
7.444
7.445
7.446
7.447
7.448
7.449
7.454
7.455
7.456
7.457
7.458
7.459
7.464
7.465
7.466
7.467
7.468
7.469
7.474
7.475
7.476
7.477
7.478
7.479
7.484
7.485
7.486
7.487
7.488
7.489
7.494
7.495
7.496
7.497
7.498
7.499
7.544
7.545
7.546
7.547
7.548
7.549
7.554
7.555
7.556
7.557
7.558
7.559
7.564
7.565
7.566
7.567
7.568
7.569
7.574
7.575
7.576
7.577
7.578
7.579
7.584
7.585
7.586
7.587
7.588
7.589
7.594
7.595
7.596
7.597
7.598
7.599
7.644
7.645
7.646
7.647
7.648
7.649
7.654
7.655
7.656
7.657
7.658
7.659
7.664
7.665
7.666
7.667
7.668
7.669
7.674
7.675
7.676
7.677
7.678
7.679
7.684
7.685
7.686
7.687
7.688
7.689
7.694
7.695
7.696
7.697
7.698
7.699
7.744
7.745
7.746
7.747
7.748
7.749
7.754
7.755
7.756
7.757
7.758
7.759
7.764
7.765
7.766
7.767
7.768
7.769
7.774
7.775
7.776
7.777
7.778
7.779
7.784
7.785
7.786
7.787
7.788
7.789
7.794
7.795
7.796
7.797
7.798
7.799
7.844
7.845
7.846
7.847
7.848
7.849
7.854
7.855
7.856
7.857
7.858
7.859
7.864
7.865
7.866
7.867
7.868
7.869
7.874
7.875
7.876
7.877
7.878
7.879
7.884
7.885
7.886
7.887
7.888
7.889
7.894
7.895
7.896
7.897
7.898
7.899
7.944
7.945
7.946
7.947
7.948
7.949
7.954
7.955
7.956
7.957
7.958
7.959
7.964
7.965
7.966
7.967
7.968
7.969
7.974
7.975
7.976
7.977
7.978
7.979
7.984
7.985
7.986
7.987
7.988
7.989
7.994
7.995
7.996
7.997
7.998
7.999
8.444
8.445
8.446
8.447
8.448
8.449
8.454
8.455
8.456
8.457
8.458
8.459
8.464
8.465
8.466
8.467
8.468
8.469
8.474
8.475
8.476
8.477
8.478
8.479
8.484
8.485
8.486
8.487
8.488
8.489
8.494
8.495
8.496
8.497
8.498
8.499
8.544
8.545
8.546
8.547
8.548
8.549
8.554
8.555
8.556
8.557
8.558
8.559
8.564
8.565
8.566
8.567
8.568
8.569
8.574
8.575
8.576
8.577
8.578
8.579
8.584
8.585
8.586
8.587
8.588
8.589
8.594
8.595
8.596
8.597
8.598
8.599
8.644
8.645
8.646
8.647
8.648
8.649
8.654
8.655
8.656
8.657
8.658
8.659
8.664
8.665
8.666
8.667
8.668
8.669
8.674
8.675
8.676
8.677
8.678
8.679
8.684
8.685
8.686
8.687
8.688
8.689
8.694
8.695
8.696
8.697
8.698
8.699
8.744
8.745
8.746
8.747
8.748
8.749
8.754
8.755
8.756
8.757
8.758
8.759
8.764
8.765
8.766
8.767
8.768
8.769
8.774
8.775
8.776
8.777
8.778
8.779
8.784
8.785
8.786
8.787
8.788
8.789
8.794
8.795
8.796
8.797
8.798
8.799
8.844
8.845
8.846
8.847
8.848
8.849
8.854
8.855
8.856
8.857
8.858
8.859
8.864
8.865
8.866
8.867
8.868
8.869
8.874
8.875
8.876
8.877
8.878
8.879
8.884
8.885
8.886
8.887
8.888
8.889
8.894
8.895
8.896
8.897
8.898
8.899
8.944
8.945
8.946
8.947
8.948
8.949
8.954
8.955
8.956
8.957
8.958
8.959
8.964
8.965
8.966
8.967
8.968
8.969
8.974
8.975
8.976
8.977
8.978
8.979
8.984
8.985
8.986
8.987
8.988
8.989
8.994
8.995
8.996
8.997
8.998
8.999
9.444
9.445
9.446
9.447
9.448
9.449
9.454
9.455
9.456
9.457
9.458
9.459
9.464
9.465
9.466
9.467
9.468
9.469
9.474
9.475
9.476
9.477
9.478
9.479
9.484
9.485
9.486
9.487
9.488
9.489
9.494
9.495
9.496
9.497
9.498
9.499
9.544
9.545
9.546
9.547
9.548
9.549
9.554
9.555
9.556
9.557
9.558
9.559
9.564
9.565
9.566
9.567
9.568
9.569
9.574
9.575
9.576
9.577
9.578
9.579
9.584
9.585
9.586
9.587
9.588
9.589
9.594
9.595
9.596
9.597
9.598
9.599
9.644
9.645
9.646
9.647
9.648
9.649
9.654
9.655
9.656
9.657
9.658
9.659
9.664
9.665
9.666
9.667
9.668
9.669
9.674
9.675
9.676
9.677
9.678
9.679
9.684
9.685
9.686
9.687
9.688
9.689
9.694
9.695
9.696
9.697
9.698
9.699
9.744
9.745
9.746
9.747
9.748
9.749
9.754
9.755
9.756
9.757
9.758
9.759
9.764
9.765
9.766
9.767
9.768
9.769
9.774
9.775
9.776
9.777
9.778
9.779
9.784
9.785
9.786
9.787
9.788
9.789
9.794
9.795
9.796
9.797
9.798
9.799
9.844
9.845
9.846
9.847
9.848
9.849
9.854
9.855
9.856
9.857
9.858
9.859
9.864
9.865
9.866
9.867
9.868
9.869
9.874
9.875
9.876
9.877
9.878
9.879
9.884
9.885
9.886
9.887
9.888
9.889
9.894
9.895
9.896
9.897
9.898
9.899
9.944
9.945
9.946
9.947
9.948
9.949
9.954
9.955
9.956
9.957
9.958
9.959
9.964
9.965
9.966
9.967
9.968
9.969
9.974
9.975
9.976
9.977
9.978
9.979
9.984
9.985
9.986
9.987
9.988
9.989
9.994
9.995
9.996
9.997
9.998
9.999
44.44
44.45
44.46
44.47
44.48
44.49
44.54
44.55
44.56
44.57
44.58
44.59
44.64
44.65
44.66
44.67
44.68
44.69
44.74
44.75
44.76
44.77
44.78
44.79
44.84
44.85
44.86
44.87
44.88
44.89
44.94
44.95
44.96
44.97
44.98
44.99
45.44
45.45
45.46
45.47
45.48
45.49
45.54
45.55
45.56
45.57
45.58
45.59
45.64
45.65
45.66
45.67
45.68
45.69
45.74
45.75
45.76
45.77
45.78
45.79
45.84
45.85
45.86
45.87
45.88
45.89
45.94
45.95
45.96
45.97
45.98
45.99
46.44
46.45
46.46
46.47
46.48
46.49
46.54
46.55
46.56
46.57
46.58
46.59
46.64
46.65
46.66
46.67
46.68
46.69
46.74
46.75
46.76
46.77
46.78
46.79
46.84
46.85
46.86
46.87
46.88
46.89
46.94
46.95
46.96
46.97
46.98
46.99
47.44
47.45
47.46
47.47
47.48
47.49
47.54
47.55
47.56
47.57
47.58
47.59
47.64
47.65
47.66
47.67
47.68
47.69
47.74
47.75
47.76
47.77
47.78
47.79
47.84
47.85
47.86
47.87
47.88
47.89
47.94
47.95
47.96
47.97
47.98
47.99
48.44
48.45
48.46
48.47
48.48
48.49
48.54
48.55
48.56
48.57
48.58
48.59
48.64
48.65
48.66
48.67
48.68
48.69
48.74
48.75
48.76
48.77
48.78
48.79
48.84
48.85
48.86
48.87
48.88
48.89
48.94
48.95
48.96
48.97
48.98
48.99
49.44
49.45
49.46
49.47
49.48
49.49
49.54
49.55
49.56
49.57
49.58
49.59
49.64
49.65
49.66
49.67
49.68
49.69
49.74
49.75
49.76
49.77
49.78
49.79
49.84
49.85
49.86
49.87
49.88
49.89
49.94
49.95
49.96
49.97
49.98
49.99
54.44
54.45
54.46
54.47
54.48
54.49
54.54
54.55
54.56
54.57
54.58
54.59
54.64
54.65
54.66
54.67
54.68
54.69
54.74
54.75
54.76
54.77
54.78
54.79
54.84
54.85
54.86
54.87
54.88
54.89
54.94
54.95
54.96
54.97
54.98
54.99
55.44
55.45
55.46
55.47
55.48
55.49
55.54
55.55
55.56
55.57
55.58
55.59
55.64
55.65
55.66
55.67
55.68
55.69
55.74
55.75
55.76
55.77
55.78
55.79
55.84
55.85
55.86
55.87
55.88
55.89
55.94
55.95
55.96
55.97
55.98
55.99
56.44
56.45
56.46
56.47
56.48
56.49
56.54
56.55
56.56
56.57
56.58
56.59
56.64
56.65
56.66
56.67
56.68
56.69
56.74
56.75
56.76
56.77
56.78
56.79
56.84
56.85
56.86
56.87
56.88
56.89
56.94
56.95
56.96
56.97
56.98
56.99
57.44
57.45
57.46
57.47
57.48
57.49
57.54
57.55
57.56
57.57
57.58
57.59
57.64
57.65
57.66
57.67
57.68
57.69
57.74
57.75
57.76
57.77
57.78
57.79
57.84
57.85
57.86
57.87
57.88
57.89
57.94
57.95
57.96
57.97
57.98
57.99
58.44
58.45
58.46
58.47
58.48
58.49
58.54
58.55
58.56
58.57
58.58
58.59
58.64
58.65
58.66
58.67
58.68
58.69
58.74
58.75
58.76
58.77
58.78
58.79
58.84
58.85
58.86
58.87
58.88
58.89
58.94
58.95
58.96
58.97
58.98
58.99
59.44
59.45
59.46
59.47
59.48
59.49
59.54
59.55
59.56
59.57
59.58
59.59
59.64
59.65
59.66
59.67
59.68
59.69
59.74
59.75
59.76
59.77
59.78
59.79
59.84
59.85
59.86
59.87
59.88
59.89
59.94
59.95
59.96
59.97
59.98
59.99
64.44
64.45
64.46
64.47
64.48
64.49
64.54
64.55
64.56
64.57
64.58
64.59
64.64
64.65
64.66
64.67
64.68
64.69
64.74
64.75
64.76
64.77
64.78
64.79
64.84
64.85
64.86
64.87
64.88
64.89
64.94
64.95
64.96
64.97
64.98
64.99
65.44
65.45
65.46
65.47
65.48
65.49
65.54
65.55
65.56
65.57
65.58
65.59
65.64
65.65
65.66
65.67
65.68
65.69
65.74
65.75
65.76
65.77
65.78
65.79
65.84
65.85
65.86
65.87
65.88
65.89
65.94
65.95
65.96
65.97
65.98
65.99
66.44
66.45
66.46
66.47
66.48
66.49
66.54
66.55
66.56
66.57
66.58
66.59
66.64
66.65
66.66
66.67
66.68
66.69
66.74
66.75
66.76
66.77
66.78
66.79
66.84
66.85
66.86
66.87
66.88
66.89
66.94
66.95
66.96
66.97
66.98
66.99
67.44
67.45
67.46
67.47
67.48
67.49
67.54
67.55
67.56
67.57
67.58
67.59
67.64
67.65
67.66
67.67
67.68
67.69
67.74
67.75
67.76
67.77
67.78
67.79
67.84
67.85
67.86
67.87
67.88
67.89
67.94
67.95
67.96
67.97
67.98
67.99
68.44
68.45
68.46
68.47
68.48
68.49
68.54
68.55
68.56
68.57
68.58
68.59
68.64
68.65
68.66
68.67
68.68
68.69
68.74
68.75
68.76
68.77
68.78
68.79
68.84
68.85
68.86
68.87
68.88
68.89
68.94
68.95
68.96
68.97
68.98
68.99
69.44
69.45
69.46
69.47
69.48
69.49
69.54
69.55
69.56
69.57
69.58
69.59
69.64
69.65
69.66
69.67
69.68
69.69
69.74
69.75
69.76
69.77
69.78
69.79
69.84
69.85
69.86
69.87
69.88
69.89
69.94
69.95
69.96
69.97
69.98
69.99
74.44
74.45
74.46
74.47
74.48
74.49
74.54
74.55
74.56
74.57
74.58
74.59
74.64
74.65
74.66
74.67
74.68
74.69
74.74
74.75
74.76
74.77
74.78
74.79
74.84
74.85
74.86
74.87
74.88
74.89
74.94
74.95
74.96
74.97
74.98
74.99
75.44
75.45
75.46
75.47
75.48
75.49
75.54
75.55
75.56
75.57
75.58
75.59
75.64
75.65
75.66
75.67
75.68
75.69
75.74
75.75
75.76
75.77
75.78
75.79
75.84
75.85
75.86
75.87
75.88
75.89
75.94
75.95
75.96
75.97
75.98
75.99
76.44
76.45
76.46
76.47
76.48
76.49
76.54
76.55
76.56
76.57
76.58
76.59
76.64
76.65
76.66
76.67
76.68
76.69
76.74
76.75
76.76
76.77
76.78
76.79
76.84
76.85
76.86
76.87
76.88
76.89
76.94
76.95
76.96
76.97
76.98
76.99
77.44
77.45
77.46
77.47
77.48
77.49
77.54
77.55
77.56
77.57
77.58
77.59
77.64
77.65
77.66
77.67
77.68
77.69
77.74
77.75
77.76
77.77
77.78
77.79
77.84
77.85
77.86
77.87
77.88
77.89
77.94
77.95
77.96
77.97
77.98
77.99
78.44
78.45
78.46
78.47
78.48
78.49
78.54
78.55
78.56
78.57
78.58
78.59
78.64
78.65
78.66
78.67
78.68
78.69
78.74
78.75
78.76
78.77
78.78
78.79
78.84
78.85
78.86
78.87
78.88
78.89
78.94
78.95
78.96
78.97
78.98
78.99
79.44
79.45
79.46
79.47
79.48
79.49
79.54
79.55
79.56
79.57
79.58
79.59
79.64
79.65
79.66
79.67
79.68
79.69
79.74
79.75
79.76
79.77
79.78
79.79
79.84
79.85
79.86
79.87
79.88
79.89
79.94
79.95
79.96
79.97
79.98
79.99
84.44
84.45
84.46
84.47
84.48
84.49
84.54
84.55
84.56
84.57
84.58
84.59
84.64
84.65
84.66
84.67
84.68
84.69
84.74
84.75
84.76
84.77
84.78
84.79
84.84
84.85
84.86
84.87
84.88
84.89
84.94
84.95
84.96
84.97
84.98
84.99
85.44
85.45
85.46
85.47
85.48
85.49
85.54
85.55
85.56
85.57
85.58
85.59
85.64
85.65
85.66
85.67
85.68
85.69
85.74
85.75
85.76
85.77
85.78
85.79
85.84
85.85
85.86
85.87
85.88
85.89
85.94
85.95
85.96
85.97
85.98
85.99
86.44
86.45
86.46
86.47
86.48
86.49
86.54
86.55
86.56
86.57
86.58
86.59
86.64
86.65
86.66
86.67
86.68
86.69
86.74
86.75
86.76
86.77
86.78
86.79
86.84
86.85
86.86
86.87
86.88
86.89
86.94
86.95
86.96
86.97
86.98
86.99
87.44
87.45
87.46
87.47
87.48
87.49
87.54
87.55
87.56
87.57
87.58
87.59
87.64
87.65
87.66
87.67
87.68
87.69
87.74
87.75
87.76
87.77
87.78
87.79
87.84
87.85
87.86
87.87
87.88
87.89
87.94
87.95
87.96
87.97
87.98
87.99
88.44
88.45
88.46
88.47
88.48
88.49
88.54
88.55
88.56
88.57
88.58
88.59
88.64
88.65
88.66
88.67
88.68
88.69
88.74
88.75
88.76
88.77
88.78
88.79
88.84
88.85
88.86
88.87
88.88
88.89
88.94
88.95
88.96
88.97
88.98
88.99
89.44
89.45
89.46
89.47
89.48
89.49
89.54
89.55
89.56
89.57
89.58
89.59
89.64
89.65
89.66
89.67
89.68
89.69
89.74
89.75
89.76
89.77
89.78
89.79
89.84
89.85
89.86
89.87
89.88
89.89
89.94
89.95
89.96
89.97
89.98
89.99
94.44
94.45
94.46
94.47
94.48
94.49
94.54
94.55
94.56
94.57
94.58
94.59
94.64
94.65
94.66
94.67
94.68
94.69
94.74
94.75
94.76
94.77
94.78
94.79
94.84
94.85
94.86
94.87
94.88
94.89
94.94
94.95
94.96
94.97
94.98
94.99
95.44
95.45
95.46
95.47
95.48
95.49
95.54
95.55
95.56
95.57
95.58
95.59
95.64
95.65
95.66
95.67
95.68
95.69
95.74
95.75
95.76
95.77
95.78
95.79
95.84
95.85
95.86
95.87
95.88
95.89
95.94
95.95
95.96
95.97
95.98
95.99
96.44
96.45
96.46
96.47
96.48
96.49
96.54
96.55
96.56
96.57
96.58
96.59
96.64
96.65
96.66
96.67
96.68
96.69
96.74
96.75
96.76
96.77
96.78
96.79
96.84
96.85
96.86
96.87
96.88
96.89
96.94
96.95
96.96
96.97
96.98
96.99
97.44
97.45
97.46
97.47
97.48
97.49
97.54
97.55
97.56
97.57
97.58
97.59
97.64
97.65
97.66
97.67
97.68
97.69
97.74
97.75
97.76
97.77
97.78
97.79
97.84
97.85
97.86
97.87
97.88
97.89
97.94
97.95
97.96
97.97
97.98
97.99
98.44
98.45
98.46
98.47
98.48
98.49
98.54
98.55
98.56
98.57
98.58
98.59
98.64
98.65
98.66
98.67
98.68
98.69
98.74
98.75
98.76
98.77
98.78
98.79
98.84
98.85
98.86
98.87
98.88
98.89
98.94
98.95
98.96
98.97
98.98
98.99
99.44
99.45
99.46
99.47
99.48
99.49
99.54
99.55
99.56
99.57
99.58
99.59
99.64
99.65
99.66
99.67
99.68
99.69
99.74
99.75
99.76
99.77
99.78
99.79
99.84
99.85
99.86
99.87
99.88
99.89
99.94
99.95
99.96
99.97
99.98
99.99
444.4
444.5
444.6
444.7
444.8
444.9
445.4
445.5
445.6
445.7
445.8
445.9
446.4
446.5
446.6
446.7
446.8
446.9
447.4
447.5
447.6
447.7
447.8
447.9
448.4
448.5
448.6
448.7
448.8
448.9
449.4
449.5
449.6
449.7
449.8
449.9
454.4
454.5
454.6
454.7
454.8
454.9
455.4
455.5
455.6
455.7
455.8
455.9
456.4
456.5
456.6
456.7
456.8
456.9
457.4
457.5
457.6
457.7
457.8
457.9
458.4
458.5
458.6
458.7
458.8
458.9
459.4
459.5
459.6
459.7
459.8
459.9
464.4
464.5
464.6
464.7
464.8
464.9
465.4
465.5
465.6
465.7
465.8
465.9
466.4
466.5
466.6
466.7
466.8
466.9
467.4
467.5
467.6
467.7
467.8
467.9
468.4
468.5
468.6
468.7
468.8
468.9
469.4
469.5
469.6
469.7
469.8
469.9
474.4
474.5
474.6
474.7
474.8
474.9
475.4
475.5
475.6
475.7
475.8
475.9
476.4
476.5
476.6
476.7
476.8
476.9
477.4
477.5
477.6
477.7
477.8
477.9
478.4
478.5
478.6
478.7
478.8
478.9
479.4
479.5
479.6
479.7
479.8
479.9
484.4
484.5
484.6
484.7
484.8
484.9
485.4
485.5
485.6
485.7
485.8
485.9
486.4
486.5
486.6
486.7
486.8
486.9
487.4
487.5
487.6
487.7
487.8
487.9
488.4
488.5
488.6
488.7
488.8
488.9
489.4
489.5
489.6
489.7
489.8
489.9
494.4
494.5
494.6
494.7
494.8
494.9
495.4
495.5
495.6
495.7
495.8
495.9
496.4
496.5
496.6
496.7
496.8
496.9
497.4
497.5
497.6
497.7
497.8
497.9
498.4
498.5
498.6
498.7
498.8
498.9
499.4
499.5
499.6
499.7
499.8
499.9
544.4
544.5
544.6
544.7
544.8
544.9
545.4
545.5
545.6
545.7
545.8
545.9
546.4
546.5
546.6
546.7
546.8
546.9
547.4
547.5
547.6
547.7
547.8
547.9
548.4
548.5
548.6
548.7
548.8
548.9
549.4
549.5
549.6
549.7
549.8
549.9
554.4
554.5
554.6
554.7
554.8
554.9
555.4
555.5
555.6
555.7
555.8
555.9
556.4
556.5
556.6
556.7
556.8
556.9
557.4
557.5
557.6
557.7
557.8
557.9
558.4
558.5
558.6
558.7
558.8
558.9
559.4
559.5
559.6
559.7
559.8
559.9
564.4
564.5
564.6
564.7
564.8
564.9
565.4
565.5
565.6
565.7
565.8
565.9
566.4
566.5
566.6
566.7
566.8
566.9
567.4
567.5
567.6
567.7
567.8
567.9
568.4
568.5
568.6
568.7
568.8
568.9
569.4
569.5
569.6
569.7
569.8
569.9
574.4
574.5
574.6
574.7
574.8
574.9
575.4
575.5
575.6
575.7
575.8
575.9
576.4
576.5
576.6
576.7
576.8
576.9
577.4
577.5
577.6
577.7
577.8
577.9
578.4
578.5
578.6
578.7
578.8
578.9
579.4
579.5
579.6
579.7
579.8
579.9
584.4
584.5
584.6
584.7
584.8
584.9
585.4
585.5
585.6
585.7
585.8
585.9
586.4
586.5
586.6
586.7
586.8
586.9
587.4
587.5
587.6
587.7
587.8
587.9
588.4
588.5
588.6
588.7
588.8
588.9
589.4
589.5
589.6
589.7
589.8
589.9
594.4
594.5
594.6
594.7
594.8
594.9
595.4
595.5
595.6
595.7
595.8
595.9
596.4
596.5
596.6
596.7
596.8
596.9
597.4
597.5
597.6
597.7
597.8
597.9
598.4
598.5
598.6
598.7
598.8
598.9
599.4
599.5
599.6
599.7
599.8
599.9
644.4
644.5
644.6
644.7
644.8
644.9
645.4
645.5
645.6
645.7
645.8
645.9
646.4
646.5
646.6
646.7
646.8
646.9
647.4
647.5
647.6
647.7
647.8
647.9
648.4
648.5
648.6
648.7
648.8
648.9
649.4
649.5
649.6
649.7
649.8
649.9
654.4
654.5
654.6
654.7
654.8
654.9
655.4
655.5
655.6
655.7
655.8
655.9
656.4
656.5
656.6
656.7
656.8
656.9
657.4
657.5
657.6
657.7
657.8
657.9
658.4
658.5
658.6
658.7
658.8
658.9
659.4
659.5
659.6
659.7
659.8
659.9
664.4
664.5
664.6
664.7
664.8
664.9
665.4
665.5
665.6
665.7
665.8
665.9
666.4
666.5
666.6
666.7
666.8
666.9
667.4
667.5
667.6
667.7
667.8
667.9
668.4
668.5
668.6
668.7
668.8
668.9
669.4
669.5
669.6
669.7
669.8
669.9
674.4
674.5
674.6
674.7
674.8
674.9
675.4
675.5
675.6
675.7
675.8
675.9
676.4
676.5
676.6
676.7
676.8
676.9
677.4
677.5
677.6
677.7
677.8
677.9
678.4
678.5
678.6
678.7
678.8
678.9
679.4
679.5
679.6
679.7
679.8
679.9
684.4
684.5
684.6
684.7
684.8
684.9
685.4
685.5
685.6
685.7
685.8
685.9
686.4
686.5
686.6
686.7
686.8
686.9
687.4
687.5
687.6
687.7
687.8
687.9
688.4
688.5
688.6
688.7
688.8
688.9
689.4
689.5
689.6
689.7
689.8
689.9
694.4
694.5
694.6
694.7
694.8
694.9
695.4
695.5
695.6
695.7
695.8
695.9
696.4
696.5
696.6
696.7
696.8
696.9
697.4
697.5
697.6
697.7
697.8
697.9
698.4
698.5
698.6
698.7
698.8
698.9
699.4
699.5
699.6
699.7
699.8
699.9
744.4
744.5
744.6
744.7
744.8
744.9
745.4
745.5
745.6
745.7
745.8
745.9
746.4
746.5
746.6
746.7
746.8
746.9
747.4
747.5
747.6
747.7
747.8
747.9
748.4
748.5
748.6
748.7
748.8
748.9
749.4
749.5
749.6
749.7
749.8
749.9
754.4
754.5
754.6
754.7
754.8
754.9
755.4
755.5
755.6
755.7
755.8
755.9
756.4
756.5
756.6
756.7
756.8
756.9
757.4
757.5
757.6
757.7
757.8
757.9
758.4
758.5
758.6
758.7
758.8
758.9
759.4
759.5
759.6
759.7
759.8
759.9
764.4
764.5
764.6
764.7
764.8
764.9
765.4
765.5
765.6
765.7
765.8
765.9
766.4
766.5
766.6
766.7
766.8
766.9
767.4
767.5
767.6
767.7
767.8
767.9
768.4
768.5
768.6
768.7
768.8
768.9
769.4
769.5
769.6
769.7
769.8
769.9
774.4
774.5
774.6
774.7
774.8
774.9
775.4
775.5
775.6
775.7
775.8
775.9
776.4
776.5
776.6
776.7
776.8
776.9
777.4
777.5
777.6
777.7
777.8
777.9
778.4
778.5
778.6
778.7
778.8
778.9
779.4
779.5
779.6
779.7
779.8
779.9
784.4
784.5
784.6
784.7
784.8
784.9
785.4
785.5
785.6
785.7
785.8
785.9
786.4
786.5
786.6
786.7
786.8
786.9
787.4
787.5
787.6
787.7
787.8
787.9
788.4
788.5
788.6
788.7
788.8
788.9
789.4
789.5
789.6
789.7
789.8
789.9
794.4
794.5
794.6
794.7
794.8
794.9
795.4
795.5
795.6
795.7
795.8
795.9
796.4
796.5
796.6
796.7
796.8
796.9
797.4
797.5
797.6
797.7
797.8
797.9
798.4
798.5
798.6
798.7
798.8
798.9
799.4
799.5
799.6
799.7
799.8
799.9
844.4
844.5
844.6
844.7
844.8
844.9
845.4
845.5
845.6
845.7
845.8
845.9
846.4
846.5
846.6
846.7
846.8
846.9
847.4
847.5
847.6
847.7
847.8
847.9
848.4
848.5
848.6
848.7
848.8
848.9
849.4
849.5
849.6
849.7
849.8
849.9
854.4
854.5
854.6
854.7
854.8
854.9
855.4
855.5
855.6
855.7
855.8
855.9
856.4
856.5
856.6
856.7
856.8
856.9
857.4
857.5
857.6
857.7
857.8
857.9
858.4
858.5
858.6
858.7
858.8
858.9
859.4
859.5
859.6
859.7
859.8
859.9
864.4
864.5
864.6
864.7
864.8
864.9
865.4
865.5
865.6
865.7
865.8
865.9
866.4
866.5
866.6
866.7
866.8
866.9
867.4
867.5
867.6
867.7
867.8
867.9
868.4
868.5
868.6
868.7
868.8
868.9
869.4
869.5
869.6
869.7
869.8
869.9
874.4
874.5
874.6
874.7
874.8
874.9
875.4
875.5
875.6
875.7
875.8
875.9
876.4
876.5
876.6
876.7
876.8
876.9
877.4
877.5
877.6
877.7
877.8
877.9
878.4
878.5
878.6
878.7
878.8
878.9
879.4
879.5
879.6
879.7
879.8
879.9
884.4
884.5
884.6
884.7
884.8
884.9
885.4
885.5
885.6
885.7
885.8
885.9
886.4
886.5
886.6
886.7
886.8
886.9
887.4
887.5
887.6
887.7
887.8
887.9
888.4
888.5
888.6
888.7
888.8
888.9
889.4
889.5
889.6
889.7
889.8
889.9
894.4
894.5
894.6
894.7
894.8
894.9
895.4
895.5
895.6
895.7
895.8
895.9
896.4
896.5
896.6
896.7
896.8
896.9
897.4
897.5
897.6
897.7
897.8
897.9
898.4
898.5
898.6
898.7
898.8
898.9
899.4
899.5
899.6
899.7
899.8
899.9
944.4
944.5
944.6
944.7
944.8
944.9
945.4
945.5
945.6
945.7
945.8
945.9
946.4
946.5
946.6
946.7
946.8
946.9
947.4
947.5
947.6
947.7
947.8
947.9
948.4
948.5
948.6
948.7
948.8
948.9
949.4
949.5
949.6
949.7
949.8
949.9
954.4
954.5
954.6
954.7
954.8
954.9
955.4
955.5
955.6
955.7
955.8
955.9
956.4
956.5
956.6
956.7
956.8
956.9
957.4
957.5
957.6
957.7
957.8
957.9
958.4
958.5
958.6
958.7
958.8
958.9
959.4
959.5
959.6
959.7
959.8
959.9
964.4
964.5
964.6
964.7
964.8
964.9
965.4
965.5
965.6
965.7
965.8
965.9
966.4
966.5
966.6
966.7
966.8
966.9
967.4
967.5
967.6
967.7
967.8
967.9
968.4
968.5
968.6
968.7
968.8
968.9
969.4
969.5
969.6
969.7
969.8
969.9
974.4
974.5
974.6
974.7
974.8
974.9
975.4
975.5
975.6
975.7
975.8
975.9
976.4
976.5
976.6
976.7
976.8
976.9
977.4
977.5
977.6
977.7
977.8
977.9
978.4
978.5
978.6
978.7
978.8
978.9
979.4
979.5
979.6
979.7
979.8
979.9
984.4
984.5
984.6
984.7
984.8
984.9
985.4
985.5
985.6
985.7
985.8
985.9
986.4
986.5
986.6
986.7
986.8
986.9
987.4
987.5
987.6
987.7
987.8
987.9
988.4
988.5
988.6
988.7
988.8
988.9
989.4
989.5
989.6
989.7
989.8
989.9
994.4
994.5
994.6
994.7
994.8
994.9
995.4
995.5
995.6
995.7
995.8
995.9
996.4
996.5
996.6
996.7
996.8
996.9
997.4
997.5
997.6
997.7
997.8
997.9
998.4
998.5
998.6
998.7
998.8
998.9
999.4
999.5
999.6
999.7
999.8
999.9
