3.3
3.33
33.3
3.34
33.4
3.35
33.5
3.36
33.6
3.4
3.43
34.3
3.44
34.4
3.45
34.5
3.46
34.6
3.5
3.53
35.3
3.54
35.4
3.55
35.5
3.56
35.6
3.6
3.63
36.3
3.64
36.4
3.65
36.5
3.66
36.6
4.3
4.33
43.3
4.34
43.4
4.35
43.5
4.36
43.6
4.4
4.43
44.3
4.44
44.4
4.45
44.5
4.46
44.6
4.5
4.53
45.3
4.54
45.4
4.55
45.5
4.56
45.6
4.6
4.63
46.3
4.64
46.4
4.65
46.5
4.66
46.6
5.3
5.33
53.3
5.34
53.4
5.35
53.5
5.36
53.6
5.4
5.43
54.3
5.44
54.4
5.45
54.5
5.46
54.6
5.5
5.53
55.3
5.54
55.4
5.55
55.5
5.56
55.6
5.6
5.63
56.3
5.64
56.4
5.65
56.5
5.66
56.6
6.3
6.33
63.3
6.34
63.4
6.35
63.5
6.36
63.6
6.4
6.43
64.3
6.44
64.4
6.45
64.5
6.46
64.6
6.5
6.53
65.3
6.54
65.4
6.55
65.5
6.56
65.6
6.6
6.63
66.3
6.64
66.4
6.65
66.5
6.66
66.6
