4.4
4.44
44.4
4.444
44.44
444.4
4.445
44.45
444.5
4.446
44.46
444.6
4.447
44.47
444.7
4.448
44.48
444.8
4.449
44.49
444.9
4.45
44.5
4.454
44.54
445.4
4.455
44.55
445.5
4.456
44.56
445.6
4.457
44.57
445.7
4.458
44.58
445.8
4.459
44.59
445.9
4.46
44.6
4.464
44.64
446.4
4.465
44.65
446.5
4.466
44.66
446.6
4.467
44.67
446.7
4.468
44.68
446.8
4.469
44.69
446.9
4.47
44.7
4.474
44.74
447.4
4.475
44.75
447.5
4.476
44.76
447.6
4.477
44.77
447.7
4.478
44.78
447.8
4.479
44.79
447.9
4.48
44.8
4.484
44.84
448.4
4.485
44.85
448.5
4.486
44.86
448.6
4.487
44.87
448.7
4.488
44.88
448.8
4.489
44.89
448.9
4.49
44.9
4.494
44.94
449.4
4.495
44.95
449.5
4.496
44.96
449.6
4.497
44.97
449.7
4.498
44.98
449.8
4.499
44.99
449.9
4.5
4.54
45.4
4.544
45.44
454.4
4.545
45.45
454.5
4.546
45.46
454.6
4.547
45.47
454.7
4.548
45.48
454.8
4.549
45.49
454.9
4.55
45.5
4.554
45.54
455.4
4.555
45.55
455.5
4.556
45.56
455.6
4.557
45.57
455.7
4.558
45.58
455.8
4.559
45.59
455.9
4.56
45.6
4.564
45.64
456.4
4.565
45.65
456.5
4.566
45.66
456.6
4.567
45.67
456.7
4.568
45.68
456.8
4.569
45.69
456.9
4.57
45.7
4.574
45.74
457.4
4.575
45.75
457.5
4.576
45.76
457.6
4.577
45.77
457.7
4.578
45.78
457.8
4.579
45.79
457.9
4.58
45.8
4.584
45.84
458.4
4.585
45.85
458.5
4.586
45.86
458.6
4.587
45.87
458.7
4.588
45.88
458.8
4.589
45.89
458.9
4.59
45.9
4.594
45.94
459.4
4.595
45.95
459.5
4.596
45.96
459.6
4.597
45.97
459.7
4.598
45.98
459.8
4.599
45.99
459.9
4.6
4.64
46.4
4.644
46.44
464.4
4.645
46.45
464.5
4.646
46.46
464.6
4.647
46.47
464.7
4.648
46.48
464.8
4.649
46.49
464.9
4.65
46.5
4.654
46.54
465.4
4.655
46.55
465.5
4.656
46.56
465.6
4.657
46.57
465.7
4.658
46.58
465.8
4.659
46.59
465.9
4.66
46.6
4.664
46.64
466.4
4.665
46.65
466.5
4.666
46.66
466.6
4.667
46.67
466.7
4.668
46.68
466.8
4.669
46.69
466.9
4.67
46.7
4.674
46.74
467.4
4.675
46.75
467.5
4.676
46.76
467.6
4.677
46.77
467.7
4.678
46.78
467.8
4.679
46.79
467.9
4.68
46.8
4.684
46.84
468.4
4.685
46.85
468.5
4.686
46.86
468.6
4.687
46.87
468.7
4.688
46.88
468.8
4.689
46.89
468.9
4.69
46.9
4.694
46.94
469.4
4.695
46.95
469.5
4.696
46.96
469.6
4.697
46.97
469.7
4.698
46.98
469.8
4.699
46.99
469.9
4.7
4.74
47.4
4.744
47.44
474.4
4.745
47.45
474.5
4.746
47.46
474.6
4.747
47.47
474.7
4.748
47.48
474.8
4.749
47.49
474.9
4.75
47.5
4.754
47.54
475.4
4.755
47.55
475.5
4.756
47.56
475.6
4.757
47.57
475.7
4.758
47.58
475.8
4.759
47.59
475.9
4.76
47.6
4.764
47.64
476.4
4.765
47.65
476.5
4.766
47.66
476.6
4.767
47.67
476.7
4.768
47.68
476.8
4.769
47.69
476.9
4.77
47.7
4.774
47.74
477.4
4.775
47.75
477.5
4.776
47.76
477.6
4.777
47.77
477.7
4.778
47.78
477.8
4.779
47.79
477.9
4.78
47.8
4.784
47.84
478.4
4.785
47.85
478.5
4.786
47.86
478.6
4.787
47.87
478.7
4.788
47.88
478.8
4.789
47.89
478.9
4.79
47.9
4.794
47.94
479.4
4.795
47.95
479.5
4.796
47.96
479.6
4.797
47.97
479.7
4.798
47.98
479.8
4.799
47.99
479.9
4.8
4.84
48.4
4.844
48.44
484.4
4.845
48.45
484.5
4.846
48.46
484.6
4.847
48.47
484.7
4.848
48.48
484.8
4.849
48.49
484.9
4.85
48.5
4.854
48.54
485.4
4.855
48.55
485.5
4.856
48.56
485.6
4.857
48.57
485.7
4.858
48.58
485.8
4.859
48.59
485.9
4.86
48.6
4.864
48.64
486.4
4.865
48.65
486.5
4.866
48.66
486.6
4.867
48.67
486.7
4.868
48.68
486.8
4.869
48.69
486.9
4.87
48.7
4.874
48.74
487.4
4.875
48.75
487.5
4.876
48.76
487.6
4.877
48.77
487.7
4.878
48.78
487.8
4.879
48.79
487.9
4.88
48.8
4.884
48.84
488.4
4.885
48.85
488.5
4.886
48.86
488.6
4.887
48.87
488.7
4.888
48.88
488.8
4.889
48.89
488.9
4.89
48.9
4.894
48.94
489.4
4.895
48.95
489.5
4.896
48.96
489.6
4.897
48.97
489.7
4.898
48.98
489.8
4.899
48.99
489.9
4.9
4.94
49.4
4.944
49.44
494.4
4.945
49.45
494.5
4.946
49.46
494.6
4.947
49.47
494.7
4.948
49.48
494.8
4.949
49.49
494.9
4.95
49.5
4.954
49.54
495.4
4.955
49.55
495.5
4.956
49.56
495.6
4.957
49.57
495.7
4.958
49.58
495.8
4.959
49.59
495.9
4.96
49.6
4.964
49.64
496.4
4.965
49.65
496.5
4.966
49.66
496.6
4.967
49.67
496.7
4.968
49.68
496.8
4.969
49.69
496.9
4.97
49.7
4.974
49.74
497.4
4.975
49.75
497.5
4.976
49.76
497.6
4.977
49.77
497.7
4.978
49.78
497.8
4.979
49.79
497.9
4.98
49.8
4.984
49.84
498.4
4.985
49.85
498.5
4.986
49.86
498.6
4.987
49.87
498.7
4.988
49.88
498.8
4.989
49.89
498.9
4.99
49.9
4.994
49.94
499.4
4.995
49.95
499.5
4.996
49.96
499.6
4.997
49.97
499.7
4.998
49.98
499.8
4.999
49.99
499.9
5.4
5.44
54.4
5.444
54.44
544.4
5.445
54.45
544.5
5.446
54.46
544.6
5.447
54.47
544.7
5.448
54.48
544.8
5.449
54.49
544.9
5.45
54.5
5.454
54.54
545.4
5.455
54.55
545.5
5.456
54.56
545.6
5.457
54.57
545.7
5.458
54.58
545.8
5.459
54.59
545.9
5.46
54.6
5.464
54.64
546.4
5.465
54.65
546.5
5.466
54.66
546.6
5.467
54.67
546.7
5.468
54.68
546.8
5.469
54.69
546.9
5.47
54.7
5.474
54.74
547.4
5.475
54.75
547.5
5.476
54.76
547.6
5.477
54.77
547.7
5.478
54.78
547.8
5.479
54.79
547.9
5.48
54.8
5.484
54.84
548.4
5.485
54.85
548.5
5.486
54.86
548.6
5.487
54.87
548.7
5.488
54.88
548.8
5.489
54.89
548.9
5.49
54.9
5.494
54.94
549.4
5.495
54.95
549.5
5.496
54.96
549.6
5.497
54.97
549.7
5.498
54.98
549.8
5.499
54.99
549.9
5.5
5.54
55.4
5.544
55.44
554.4
5.545
55.45
554.5
5.546
55.46
554.6
5.547
55.47
554.7
5.548
55.48
554.8
5.549
55.49
554.9
5.55
55.5
5.554
55.54
555.4
5.555
55.55
555.5
5.556
55.56
555.6
5.557
55.57
555.7
5.558
55.58
555.8
5.559
55.59
555.9
5.56
55.6
5.564
55.64
556.4
5.565
55.65
556.5
5.566
55.66
556.6
5.567
55.67
556.7
5.568
55.68
556.8
5.569
55.69
556.9
5.57
55.7
5.574
55.74
557.4
5.575
55.75
557.5
5.576
55.76
557.6
5.577
55.77
557.7
5.578
55.78
557.8
5.579
55.79
557.9
5.58
55.8
5.584
55.84
558.4
5.585
55.85
558.5
5.586
55.86
558.6
5.587
55.87
558.7
5.588
55.88
558.8
5.589
55.89
558.9
5.59
55.9
5.594
55.94
559.4
5.595
55.95
559.5
5.596
55.96
559.6
5.597
55.97
559.7
5.598
55.98
559.8
5.599
55.99
559.9
5.6
5.64
56.4
5.644
56.44
564.4
5.645
56.45
564.5
5.646
56.46
564.6
5.647
56.47
564.7
5.648
56.48
564.8
5.649
56.49
564.9
5.65
56.5
5.654
56.54
565.4
5.655
56.55
565.5
5.656
56.56
565.6
5.657
56.57
565.7
5.658
56.58
565.8
5.659
56.59
565.9
5.66
56.6
5.664
56.64
566.4
5.665
56.65
566.5
5.666
56.66
566.6
5.667
56.67
566.7
5.668
56.68
566.8
5.669
56.69
566.9
5.67
56.7
5.674
56.74
567.4
5.675
56.75
567.5
5.676
56.76
567.6
5.677
56.77
567.7
5.678
56.78
567.8
5.679
56.79
567.9
5.68
56.8
5.684
56.84
568.4
5.685
56.85
568.5
5.686
56.86
568.6
5.687
56.87
568.7
5.688
56.88
568.8
5.689
56.89
568.9
5.69
56.9
5.694
56.94
569.4
5.695
56.95
569.5
5.696
56.96
569.6
5.697
56.97
569.7
5.698
56.98
569.8
5.699
56.99
569.9
5.7
5.74
57.4
5.744
57.44
574.4
5.745
57.45
574.5
5.746
57.46
574.6
5.747
57.47
574.7
5.748
57.48
574.8
5.749
57.49
574.9
5.75
57.5
5.754
57.54
575.4
5.755
57.55
575.5
5.756
57.56
575.6
5.757
57.57
575.7
5.758
57.58
575.8
5.759
57.59
575.9
5.76
57.6
5.764
57.64
576.4
5.765
57.65
576.5
5.766
57.66
576.6
5.767
57.67
576.7
5.768
57.68
576.8
5.769
57.69
576.9
5.77
57.7
5.774
57.74
577.4
5.775
57.75
577.5
5.776
57.76
577.6
5.777
57.77
577.7
5.778
57.78
577.8
5.779
57.79
577.9
5.78
57.8
5.784
57.84
578.4
5.785
57.85
578.5
5.786
57.86
578.6
5.787
57.87
578.7
5.788
57.88
578.8
5.789
57.89
578.9
5.79
57.9
5.794
57.94
579.4
5.795
57.95
579.5
5.796
57.96
579.6
5.797
57.97
579.7
5.798
57.98
579.8
5.799
57.99
579.9
5.8
5.84
58.4
5.844
58.44
584.4
5.845
58.45
584.5
5.846
58.46
584.6
5.847
58.47
584.7
5.848
58.48
584.8
5.849
58.49
584.9
5.85
58.5
5.854
58.54
585.4
5.855
58.55
585.5
5.856
58.56
585.6
5.857
58.57
585.7
5.858
58.58
585.8
5.859
58.59
585.9
5.86
58.6
5.864
58.64
586.4
5.865
58.65
586.5
5.866
58.66
586.6
5.867
58.67
586.7
5.868
58.68
586.8
5.869
58.69
586.9
5.87
58.7
5.874
58.74
587.4
5.875
58.75
587.5
5.876
58.76
587.6
5.877
58.77
587.7
5.878
58.78
587.8
5.879
58.79
587.9
5.88
58.8
5.884
58.84
588.4
5.885
58.85
588.5
5.886
58.86
588.6
5.887
58.87
588.7
5.888
58.88
588.8
5.889
58.89
588.9
5.89
58.9
5.894
58.94
589.4
5.895
58.95
589.5
5.896
58.96
589.6
5.897
58.97
589.7
5.898
58.98
589.8
5.899
58.99
589.9
5.9
5.94
59.4
5.944
59.44
594.4
5.945
59.45
594.5
5.946
59.46
594.6
5.947
59.47
594.7
5.948
59.48
594.8
5.949
59.49
594.9
5.95
59.5
5.954
59.54
595.4
5.955
59.55
595.5
5.956
59.56
595.6
5.957
59.57
595.7
5.958
59.58
595.8
5.959
59.59
595.9
5.96
59.6
5.964
59.64
596.4
5.965
59.65
596.5
5.966
59.66
596.6
5.967
59.67
596.7
5.968
59.68
596.8
5.969
59.69
596.9
5.97
59.7
5.974
59.74
597.4
5.975
59.75
597.5
5.976
59.76
597.6
5.977
59.77
597.7
5.978
59.78
597.8
5.979
59.79
597.9
5.98
59.8
5.984
59.84
598.4
5.985
59.85
598.5
5.986
59.86
598.6
5.987
59.87
598.7
5.988
59.88
598.8
5.989
59.89
598.9
5.99
59.9
5.994
59.94
599.4
5.995
59.95
599.5
5.996
59.96
599.6
5.997
59.97
599.7
5.998
59.98
599.8
5.999
59.99
599.9
6.4
6.44
64.4
6.444
64.44
644.4
6.445
64.45
644.5
6.446
64.46
644.6
6.447
64.47
644.7
6.448
64.48
644.8
6.449
64.49
644.9
6.45
64.5
6.454
64.54
645.4
6.455
64.55
645.5
6.456
64.56
645.6
6.457
64.57
645.7
6.458
64.58
645.8
6.459
64.59
645.9
6.46
64.6
6.464
64.64
646.4
6.465
64.65
646.5
6.466
64.66
646.6
6.467
64.67
646.7
6.468
64.68
646.8
6.469
64.69
646.9
6.47
64.7
6.474
64.74
647.4
6.475
64.75
647.5
6.476
64.76
647.6
6.477
64.77
647.7
6.478
64.78
647.8
6.479
64.79
647.9
6.48
64.8
6.484
64.84
648.4
6.485
64.85
648.5
6.486
64.86
648.6
6.487
64.87
648.7
6.488
64.88
648.8
6.489
64.89
648.9
6.49
64.9
6.494
64.94
649.4
6.495
64.95
649.5
6.496
64.96
649.6
6.497
64.97
649.7
6.498
64.98
649.8
6.499
64.99
649.9
6.5
6.54
65.4
6.544
65.44
654.4
6.545
65.45
654.5
6.546
65.46
654.6
6.547
65.47
654.7
6.548
65.48
654.8
6.549
65.49
654.9
6.55
65.5
6.554
65.54
655.4
6.555
65.55
655.5
6.556
65.56
655.6
6.557
65.57
655.7
6.558
65.58
655.8
6.559
65.59
655.9
6.56
65.6
6.564
65.64
656.4
6.565
65.65
656.5
6.566
65.66
656.6
6.567
65.67
656.7
6.568
65.68
656.8
6.569
65.69
656.9
6.57
65.7
6.574
65.74
657.4
6.575
65.75
657.5
6.576
65.76
657.6
6.577
65.77
657.7
6.578
65.78
657.8
6.579
65.79
657.9
6.58
65.8
6.584
65.84
658.4
6.585
65.85
658.5
6.586
65.86
658.6
6.587
65.87
658.7
6.588
65.88
658.8
6.589
65.89
658.9
6.59
65.9
6.594
65.94
659.4
6.595
65.95
659.5
6.596
65.96
659.6
6.597
65.97
659.7
6.598
65.98
659.8
6.599
65.99
659.9
6.6
6.64
66.4
6.644
66.44
664.4
6.645
66.45
664.5
6.646
66.46
664.6
6.647
66.47
664.7
6.648
66.48
664.8
6.649
66.49
664.9
6.65
66.5
6.654
66.54
665.4
6.655
66.55
665.5
6.656
66.56
665.6
6.657
66.57
665.7
6.658
66.58
665.8
6.659
66.59
665.9
6.66
66.6
6.664
66.64
666.4
6.665
66.65
666.5
6.666
66.66
666.6
6.667
66.67
666.7
6.668
66.68
666.8
6.669
66.69
666.9
6.67
66.7
6.674
66.74
667.4
6.675
66.75
667.5
6.676
66.76
667.6
6.677
66.77
667.7
6.678
66.78
667.8
6.679
66.79
667.9
6.68
66.8
6.684
66.84
668.4
6.685
66.85
668.5
6.686
66.86
668.6
6.687
66.87
668.7
6.688
66.88
668.8
6.689
66.89
668.9
6.69
66.9
6.694
66.94
669.4
6.695
66.95
669.5
6.696
66.96
669.6
6.697
66.97
669.7
6.698
66.98
669.8
6.699
66.99
669.9
6.7
6.74
67.4
6.744
67.44
674.4
6.745
67.45
674.5
6.746
67.46
674.6
6.747
67.47
674.7
6.748
67.48
674.8
6.749
67.49
674.9
6.75
67.5
6.754
67.54
675.4
6.755
67.55
675.5
6.756
67.56
675.6
6.757
67.57
675.7
6.758
67.58
675.8
6.759
67.59
675.9
6.76
67.6
6.764
67.64
676.4
6.765
67.65
676.5
6.766
67.66
676.6
6.767
67.67
676.7
6.768
67.68
676.8
6.769
67.69
676.9
6.77
67.7
6.774
67.74
677.4
6.775
67.75
677.5
6.776
67.76
677.6
6.777
67.77
677.7
6.778
67.78
677.8
6.779
67.79
677.9
6.78
67.8
6.784
67.84
678.4
6.785
67.85
678.5
6.786
67.86
678.6
6.787
67.87
678.7
6.788
67.88
678.8
6.789
67.89
678.9
6.79
67.9
6.794
67.94
679.4
6.795
67.95
679.5
6.796
67.96
679.6
6.797
67.97
679.7
6.798
67.98
679.8
6.799
67.99
679.9
6.8
6.84
68.4
6.844
68.44
684.4
6.845
68.45
684.5
6.846
68.46
684.6
6.847
68.47
684.7
6.848
68.48
684.8
6.849
68.49
684.9
6.85
68.5
6.854
68.54
685.4
6.855
68.55
685.5
6.856
68.56
685.6
6.857
68.57
685.7
6.858
68.58
685.8
6.859
68.59
685.9
6.86
68.6
6.864
68.64
686.4
6.865
68.65
686.5
6.866
68.66
686.6
6.867
68.67
686.7
6.868
68.68
686.8
6.869
68.69
686.9
6.87
68.7
6.874
68.74
687.4
6.875
68.75
687.5
6.876
68.76
687.6
6.877
68.77
687.7
6.878
68.78
687.8
6.879
68.79
687.9
6.88
68.8
6.884
68.84
688.4
6.885
68.85
688.5
6.886
68.86
688.6
6.887
68.87
688.7
6.888
68.88
688.8
6.889
68.89
688.9
6.89
68.9
6.894
68.94
689.4
6.895
68.95
689.5
6.896
68.96
689.6
6.897
68.97
689.7
6.898
68.98
689.8
6.899
68.99
689.9
6.9
6.94
69.4
6.944
69.44
694.4
6.945
69.45
694.5
6.946
69.46
694.6
6.947
69.47
694.7
6.948
69.48
694.8
6.949
69.49
694.9
6.95
69.5
6.954
69.54
695.4
6.955
69.55
695.5
6.956
69.56
695.6
6.957
69.57
695.7
6.958
69.58
695.8
6.959
69.59
695.9
6.96
69.6
6.964
69.64
696.4
6.965
69.65
696.5
6.966
69.66
696.6
6.967
69.67
696.7
6.968
69.68
696.8
6.969
69.69
696.9
6.97
69.7
6.974
69.74
697.4
6.975
69.75
697.5
6.976
69.76
697.6
6.977
69.77
697.7
6.978
69.78
697.8
6.979
69.79
697.9
6.98
69.8
6.984
69.84
698.4
6.985
69.85
698.5
6.986
69.86
698.6
6.987
69.87
698.7
6.988
69.88
698.8
6.989
69.89
698.9
6.99
69.9
6.994
69.94
699.4
6.995
69.95
699.5
6.996
69.96
699.6
6.997
69.97
699.7
6.998
69.98
699.8
6.999
69.99
699.9
7.4
7.44
74.4
7.444
74.44
744.4
7.445
74.45
744.5
7.446
74.46
744.6
7.447
74.47
744.7
7.448
74.48
744.8
7.449
74.49
744.9
7.45
74.5
7.454
74.54
745.4
7.455
74.55
745.5
7.456
74.56
745.6
7.457
74.57
745.7
7.458
74.58
745.8
7.459
74.59
745.9
7.46
74.6
7.464
74.64
746.4
7.465
74.65
746.5
7.466
74.66
746.6
7.467
74.67
746.7
7.468
74.68
746.8
7.469
74.69
746.9
7.47
74.7
7.474
74.74
747.4
7.475
74.75
747.5
7.476
74.76
747.6
7.477
74.77
747.7
7.478
74.78
747.8
7.479
74.79
747.9
7.48
74.8
7.484
74.84
748.4
7.485
74.85
748.5
7.486
74.86
748.6
7.487
74.87
748.7
7.488
74.88
748.8
7.489
74.89
748.9
7.49
74.9
7.494
74.94
749.4
7.495
74.95
749.5
7.496
74.96
749.6
7.497
74.97
749.7
7.498
74.98
749.8
7.499
74.99
749.9
7.5
7.54
75.4
7.544
75.44
754.4
7.545
75.45
754.5
7.546
75.46
754.6
7.547
75.47
754.7
7.548
75.48
754.8
7.549
75.49
754.9
7.55
75.5
7.554
75.54
755.4
7.555
75.55
755.5
7.556
75.56
755.6
7.557
75.57
755.7
7.558
75.58
755.8
7.559
75.59
755.9
7.56
75.6
7.564
75.64
756.4
7.565
75.65
756.5
7.566
75.66
756.6
7.567
75.67
756.7
7.568
75.68
756.8
7.569
75.69
756.9
7.57
75.7
7.574
75.74
757.4
7.575
75.75
757.5
7.576
75.76
757.6
7.577
75.77
757.7
7.578
75.78
757.8
7.579
75.79
757.9
7.58
75.8
7.584
75.84
758.4
7.585
75.85
758.5
7.586
75.86
758.6
7.587
75.87
758.7
7.588
75.88
758.8
7.589
75.89
758.9
7.59
75.9
7.594
75.94
759.4
7.595
75.95
759.5
7.596
75.96
759.6
7.597
75.97
759.7
7.598
75.98
759.8
7.599
75.99
759.9
7.6
7.64
76.4
7.644
76.44
764.4
7.645
76.45
764.5
7.646
76.46
764.6
7.647
76.47
764.7
7.648
76.48
764.8
7.649
76.49
764.9
7.65
76.5
7.654
76.54
765.4
7.655
76.55
765.5
7.656
76.56
765.6
7.657
76.57
765.7
7.658
76.58
765.8
7.659
76.59
765.9
7.66
76.6
7.664
76.64
766.4
7.665
76.65
766.5
7.666
76.66
766.6
7.667
76.67
766.7
7.668
76.68
766.8
7.669
76.69
766.9
7.67
76.7
7.674
76.74
767.4
7.675
76.75
767.5
7.676
76.76
767.6
7.677
76.77
767.7
7.678
76.78
767.8
7.679
76.79
767.9
7.68
76.8
7.684
76.84
768.4
7.685
76.85
768.5
7.686
76.86
768.6
7.687
76.87
768.7
7.688
76.88
768.8
7.689
76.89
768.9
7.69
76.9
7.694
76.94
769.4
7.695
76.95
769.5
7.696
76.96
769.6
7.697
76.97
769.7
7.698
76.98
769.8
7.699
76.99
769.9
7.7
7.74
77.4
7.744
77.44
774.4
7.745
77.45
774.5
7.746
77.46
774.6
7.747
77.47
774.7
7.748
77.48
774.8
7.749
77.49
774.9
7.75
77.5
7.754
77.54
775.4
7.755
77.55
775.5
7.756
77.56
775.6
7.757
77.57
775.7
7.758
77.58
775.8
7.759
77.59
775.9
7.76
77.6
7.764
77.64
776.4
7.765
77.65
776.5
7.766
77.66
776.6
7.767
77.67
776.7
7.768
77.68
776.8
7.769
77.69
776.9
7.77
77.7
7.774
77.74
777.4
7.775
77.75
777.5
7.776
77.76
777.6
7.777
77.77
777.7
7.778
77.78
777.8
7.779
77.79
777.9
7.78
77.8
7.784
77.84
778.4
7.785
77.85
778.5
7.786
77.86
778.6
7.787
77.87
778.7
7.788
77.88
778.8
7.789
77.89
778.9
7.79
77.9
7.794
77.94
779.4
7.795
77.95
779.5
7.796
77.96
779.6
7.797
77.97
779.7
7.798
77.98
779.8
7.799
77.99
779.9
7.8
7.84
78.4
7.844
78.44
784.4
7.845
78.45
784.5
7.846
78.46
784.6
7.847
78.47
784.7
7.848
78.48
784.8
7.849
78.49
784.9
7.85
78.5
7.854
78.54
785.4
7.855
78.55
785.5
7.856
78.56
785.6
7.857
78.57
785.7
7.858
78.58
785.8
7.859
78.59
785.9
7.86
78.6
7.864
78.64
786.4
7.865
78.65
786.5
7.866
78.66
786.6
7.867
78.67
786.7
7.868
78.68
786.8
7.869
78.69
786.9
7.87
78.7
7.874
78.74
787.4
7.875
78.75
787.5
7.876
78.76
787.6
7.877
78.77
787.7
7.878
78.78
787.8
7.879
78.79
787.9
7.88
78.8
7.884
78.84
788.4
7.885
78.85
788.5
7.886
78.86
788.6
7.887
78.87
788.7
7.888
78.88
788.8
7.889
78.89
788.9
7.89
78.9
7.894
78.94
789.4
7.895
78.95
789.5
7.896
78.96
789.6
7.897
78.97
789.7
7.898
78.98
789.8
7.899
78.99
789.9
7.9
7.94
79.4
7.944
79.44
794.4
7.945
79.45
794.5
7.946
79.46
794.6
7.947
79.47
794.7
7.948
79.48
794.8
7.949
79.49
794.9
7.95
79.5
7.954
79.54
795.4
7.955
79.55
795.5
7.956
79.56
795.6
7.957
79.57
795.7
7.958
79.58
795.8
7.959
79.59
795.9
7.96
79.6
7.964
79.64
796.4
7.965
79.65
796.5
7.966
79.66
796.6
7.967
79.67
796.7
7.968
79.68
796.8
7.969
79.69
796.9
7.97
79.7
7.974
79.74
797.4
7.975
79.75
797.5
7.976
79.76
797.6
7.977
79.77
797.7
7.978
79.78
797.8
7.979
79.79
797.9
7.98
79.8
7.984
79.84
798.4
7.985
79.85
798.5
7.986
79.86
798.6
7.987
79.87
798.7
7.988
79.88
798.8
7.989
79.89
798.9
7.99
79.9
7.994
79.94
799.4
7.995
79.95
799.5
7.996
79.96
799.6
7.997
79.97
799.7
7.998
79.98
799.8
7.999
79.99
799.9
8.4
8.44
84.4
8.444
84.44
844.4
8.445
84.45
844.5
8.446
84.46
844.6
8.447
84.47
844.7
8.448
84.48
844.8
8.449
84.49
844.9
8.45
84.5
8.454
84.54
845.4
8.455
84.55
845.5
8.456
84.56
845.6
8.457
84.57
845.7
8.458
84.58
845.8
8.459
84.59
845.9
8.46
84.6
8.464
84.64
846.4
8.465
84.65
846.5
8.466
84.66
846.6
8.467
84.67
846.7
8.468
84.68
846.8
8.469
84.69
846.9
8.47
84.7
8.474
84.74
847.4
8.475
84.75
847.5
8.476
84.76
847.6
8.477
84.77
847.7
8.478
84.78
847.8
8.479
84.79
847.9
8.48
84.8
8.484
84.84
848.4
8.485
84.85
848.5
8.486
84.86
848.6
8.487
84.87
848.7
8.488
84.88
848.8
8.489
84.89
848.9
8.49
84.9
8.494
84.94
849.4
8.495
84.95
849.5
8.496
84.96
849.6
8.497
84.97
849.7
8.498
84.98
849.8
8.499
84.99
849.9
8.5
8.54
85.4
8.544
85.44
854.4
8.545
85.45
854.5
8.546
85.46
854.6
8.547
85.47
854.7
8.548
85.48
854.8
8.549
85.49
854.9
8.55
85.5
8.554
85.54
855.4
8.555
85.55
855.5
8.556
85.56
855.6
8.557
85.57
855.7
8.558
85.58
855.8
8.559
85.59
855.9
8.56
85.6
8.564
85.64
856.4
8.565
85.65
856.5
8.566
85.66
856.6
8.567
85.67
856.7
8.568
85.68
856.8
8.569
85.69
856.9
8.57
85.7
8.574
85.74
857.4
8.575
85.75
857.5
8.576
85.76
857.6
8.577
85.77
857.7
8.578
85.78
857.8
8.579
85.79
857.9
8.58
85.8
8.584
85.84
858.4
8.585
85.85
858.5
8.586
85.86
858.6
8.587
85.87
858.7
8.588
85.88
858.8
8.589
85.89
858.9
8.59
85.9
8.594
85.94
859.4
8.595
85.95
859.5
8.596
85.96
859.6
8.597
85.97
859.7
8.598
85.98
859.8
8.599
85.99
859.9
8.6
8.64
86.4
8.644
86.44
864.4
8.645
86.45
864.5
8.646
86.46
864.6
8.647
86.47
864.7
8.648
86.48
864.8
8.649
86.49
864.9
8.65
86.5
8.654
86.54
865.4
8.655
86.55
865.5
8.656
86.56
865.6
8.657
86.57
865.7
8.658
86.58
865.8
8.659
86.59
865.9
8.66
86.6
8.664
86.64
866.4
8.665
86.65
866.5
8.666
86.66
866.6
8.667
86.67
866.7
8.668
86.68
866.8
8.669
86.69
866.9
8.67
86.7
8.674
86.74
867.4
8.675
86.75
867.5
8.676
86.76
867.6
8.677
86.77
867.7
8.678
86.78
867.8
8.679
86.79
867.9
8.68
86.8
8.684
86.84
868.4
8.685
86.85
868.5
8.686
86.86
868.6
8.687
86.87
868.7
8.688
86.88
868.8
8.689
86.89
868.9
8.69
86.9
8.694
86.94
869.4
8.695
86.95
869.5
8.696
86.96
869.6
8.697
86.97
869.7
8.698
86.98
869.8
8.699
86.99
869.9
8.7
8.74
87.4
8.744
87.44
874.4
8.745
87.45
874.5
8.746
87.46
874.6
8.747
87.47
874.7
8.748
87.48
874.8
8.749
87.49
874.9
8.75
87.5
8.754
87.54
875.4
8.755
87.55
875.5
8.756
87.56
875.6
8.757
87.57
875.7
8.758
87.58
875.8
8.759
87.59
875.9
8.76
87.6
8.764
87.64
876.4
8.765
87.65
876.5
8.766
87.66
876.6
8.767
87.67
876.7
8.768
87.68
876.8
8.769
87.69
876.9
8.77
87.7
8.774
87.74
877.4
8.775
87.75
877.5
8.776
87.76
877.6
8.777
87.77
877.7
8.778
87.78
877.8
8.779
87.79
877.9
8.78
87.8
8.784
87.84
878.4
8.785
87.85
878.5
8.786
87.86
878.6
8.787
87.87
878.7
8.788
87.88
878.8
8.789
87.89
878.9
8.79
87.9
8.794
87.94
879.4
8.795
87.95
879.5
8.796
87.96
879.6
8.797
87.97
879.7
8.798
87.98
879.8
8.799
87.99
879.9
8.8
8.84
88.4
8.844
88.44
884.4
8.845
88.45
884.5
8.846
88.46
884.6
8.847
88.47
884.7
8.848
88.48
884.8
8.849
88.49
884.9
8.85
88.5
8.854
88.54
885.4
8.855
88.55
885.5
8.856
88.56
885.6
8.857
88.57
885.7
8.858
88.58
885.8
8.859
88.59
885.9
8.86
88.6
8.864
88.64
886.4
8.865
88.65
886.5
8.866
88.66
886.6
8.867
88.67
886.7
8.868
88.68
886.8
8.869
88.69
886.9
8.87
88.7
8.874
88.74
887.4
8.875
88.75
887.5
8.876
88.76
887.6
8.877
88.77
887.7
8.878
88.78
887.8
8.879
88.79
887.9
8.88
88.8
8.884
88.84
888.4
8.885
88.85
888.5
8.886
88.86
888.6
8.887
88.87
888.7
8.888
88.88
888.8
8.889
88.89
888.9
8.89
88.9
8.894
88.94
889.4
8.895
88.95
889.5
8.896
88.96
889.6
8.897
88.97
889.7
8.898
88.98
889.8
8.899
88.99
889.9
8.9
8.94
89.4
8.944
89.44
894.4
8.945
89.45
894.5
8.946
89.46
894.6
8.947
89.47
894.7
8.948
89.48
894.8
8.949
89.49
894.9
8.95
89.5
8.954
89.54
895.4
8.955
89.55
895.5
8.956
89.56
895.6
8.957
89.57
895.7
8.958
89.58
895.8
8.959
89.59
895.9
8.96
89.6
8.964
89.64
896.4
8.965
89.65
896.5
8.966
89.66
896.6
8.967
89.67
896.7
8.968
89.68
896.8
8.969
89.69
896.9
8.97
89.7
8.974
89.74
897.4
8.975
89.75
897.5
8.976
89.76
897.6
8.977
89.77
897.7
8.978
89.78
897.8
8.979
89.79
897.9
8.98
89.8
8.984
89.84
898.4
8.985
89.85
898.5
8.986
89.86
898.6
8.987
89.87
898.7
8.988
89.88
898.8
8.989
89.89
898.9
8.99
89.9
8.994
89.94
899.4
8.995
89.95
899.5
8.996
89.96
899.6
8.997
89.97
899.7
8.998
89.98
899.8
8.999
89.99
899.9
9.4
9.44
94.4
9.444
94.44
944.4
9.445
94.45
944.5
9.446
94.46
944.6
9.447
94.47
944.7
9.448
94.48
944.8
9.449
94.49
944.9
9.45
94.5
9.454
94.54
945.4
9.455
94.55
945.5
9.456
94.56
945.6
9.457
94.57
945.7
9.458
94.58
945.8
9.459
94.59
945.9
9.46
94.6
9.464
94.64
946.4
9.465
94.65
946.5
9.466
94.66
946.6
9.467
94.67
946.7
9.468
94.68
946.8
9.469
94.69
946.9
9.47
94.7
9.474
94.74
947.4
9.475
94.75
947.5
9.476
94.76
947.6
9.477
94.77
947.7
9.478
94.78
947.8
9.479
94.79
947.9
9.48
94.8
9.484
94.84
948.4
9.485
94.85
948.5
9.486
94.86
948.6
9.487
94.87
948.7
9.488
94.88
948.8
9.489
94.89
948.9
9.49
94.9
9.494
94.94
949.4
9.495
94.95
949.5
9.496
94.96
949.6
9.497
94.97
949.7
9.498
94.98
949.8
9.499
94.99
949.9
9.5
9.54
95.4
9.544
95.44
954.4
9.545
95.45
954.5
9.546
95.46
954.6
9.547
95.47
954.7
9.548
95.48
954.8
9.549
95.49
954.9
9.55
95.5
9.554
95.54
955.4
9.555
95.55
955.5
9.556
95.56
955.6
9.557
95.57
955.7
9.558
95.58
955.8
9.559
95.59
955.9
9.56
95.6
9.564
95.64
956.4
9.565
95.65
956.5
9.566
95.66
956.6
9.567
95.67
956.7
9.568
95.68
956.8
9.569
95.69
956.9
9.57
95.7
9.574
95.74
957.4
9.575
95.75
957.5
9.576
95.76
957.6
9.577
95.77
957.7
9.578
95.78
957.8
9.579
95.79
957.9
9.58
95.8
9.584
95.84
958.4
9.585
95.85
958.5
9.586
95.86
958.6
9.587
95.87
958.7
9.588
95.88
958.8
9.589
95.89
958.9
9.59
95.9
9.594
95.94
959.4
9.595
95.95
959.5
9.596
95.96
959.6
9.597
95.97
959.7
9.598
95.98
959.8
9.599
95.99
959.9
9.6
9.64
96.4
9.644
96.44
964.4
9.645
96.45
964.5
9.646
96.46
964.6
9.647
96.47
964.7
9.648
96.48
964.8
9.649
96.49
964.9
9.65
96.5
9.654
96.54
965.4
9.655
96.55
965.5
9.656
96.56
965.6
9.657
96.57
965.7
9.658
96.58
965.8
9.659
96.59
965.9
9.66
96.6
9.664
96.64
966.4
9.665
96.65
966.5
9.666
96.66
966.6
9.667
96.67
966.7
9.668
96.68
966.8
9.669
96.69
966.9
9.67
96.7
9.674
96.74
967.4
9.675
96.75
967.5
9.676
96.76
967.6
9.677
96.77
967.7
9.678
96.78
967.8
9.679
96.79
967.9
9.68
96.8
9.684
96.84
968.4
9.685
96.85
968.5
9.686
96.86
968.6
9.687
96.87
968.7
9.688
96.88
968.8
9.689
96.89
968.9
9.69
96.9
9.694
96.94
969.4
9.695
96.95
969.5
9.696
96.96
969.6
9.697
96.97
969.7
9.698
96.98
969.8
9.699
96.99
969.9
9.7
9.74
97.4
9.744
97.44
974.4
9.745
97.45
974.5
9.746
97.46
974.6
9.747
97.47
974.7
9.748
97.48
974.8
9.749
97.49
974.9
9.75
97.5
9.754
97.54
975.4
9.755
97.55
975.5
9.756
97.56
975.6
9.757
97.57
975.7
9.758
97.58
975.8
9.759
97.59
975.9
9.76
97.6
9.764
97.64
976.4
9.765
97.65
976.5
9.766
97.66
976.6
9.767
97.67
976.7
9.768
97.68
976.8
9.769
97.69
976.9
9.77
97.7
9.774
97.74
977.4
9.775
97.75
977.5
9.776
97.76
977.6
9.777
97.77
977.7
9.778
97.78
977.8
9.779
97.79
977.9
9.78
97.8
9.784
97.84
978.4
9.785
97.85
978.5
9.786
97.86
978.6
9.787
97.87
978.7
9.788
97.88
978.8
9.789
97.89
978.9
9.79
97.9
9.794
97.94
979.4
9.795
97.95
979.5
9.796
97.96
979.6
9.797
97.97
979.7
9.798
97.98
979.8
9.799
97.99
979.9
9.8
9.84
98.4
9.844
98.44
984.4
9.845
98.45
984.5
9.846
98.46
984.6
9.847
98.47
984.7
9.848
98.48
984.8
9.849
98.49
984.9
9.85
98.5
9.854
98.54
985.4
9.855
98.55
985.5
9.856
98.56
985.6
9.857
98.57
985.7
9.858
98.58
985.8
9.859
98.59
985.9
9.86
98.6
9.864
98.64
986.4
9.865
98.65
986.5
9.866
98.66
986.6
9.867
98.67
986.7
9.868
98.68
986.8
9.869
98.69
986.9
9.87
98.7
9.874
98.74
987.4
9.875
98.75
987.5
9.876
98.76
987.6
9.877
98.77
987.7
9.878
98.78
987.8
9.879
98.79
987.9
9.88
98.8
9.884
98.84
988.4
9.885
98.85
988.5
9.886
98.86
988.6
9.887
98.87
988.7
9.888
98.88
988.8
9.889
98.89
988.9
9.89
98.9
9.894
98.94
989.4
9.895
98.95
989.5
9.896
98.96
989.6
9.897
98.97
989.7
9.898
98.98
989.8
9.899
98.99
989.9
9.9
9.94
99.4
9.944
99.44
994.4
9.945
99.45
994.5
9.946
99.46
994.6
9.947
99.47
994.7
9.948
99.48
994.8
9.949
99.49
994.9
9.95
99.5
9.954
99.54
995.4
9.955
99.55
995.5
9.956
99.56
995.6
9.957
99.57
995.7
9.958
99.58
995.8
9.959
99.59
995.9
9.96
99.6
9.964
99.64
996.4
9.965
99.65
996.5
9.966
99.66
996.6
9.967
99.67
996.7
9.968
99.68
996.8
9.969
99.69
996.9
9.97
99.7
9.974
99.74
997.4
9.975
99.75
997.5
9.976
99.76
997.6
9.977
99.77
997.7
9.978
99.78
997.8
9.979
99.79
997.9
9.98
99.8
9.984
99.84
998.4
9.985
99.85
998.5
9.986
99.86
998.6
9.987
99.87
998.7
9.988
99.88
998.8
9.989
99.89
998.9
9.99
99.9
9.994
99.94
999.4
9.995
99.95
999.5
9.996
99.96
999.6
9.997
99.97
999.7
9.998
99.98
999.8
9.999
99.99
999.9
